[1, 2, 3, 5, 6, 7, 8, 4, 9, 10, 11, 12, 13, 16, 17, 18]
[1, 2, 3, 5, 6, 7, 8, 4, 9, 10, 11, 12, 13, 18]
[1, 2, 3, 5, 6, 7, 8, 4, 9, 10, 11, 12, 15, 16, 13, 18]
[1, 2, 3, 5, 6, 7, 8, 4, 9, 10, 11, 12, 15, 16, 17, 18]
[1, 2, 3, 5, 6, 7, 8, 4, 9, 10, 11, 14, 15, 12, 13, 16, 17, 18]
[1, 2, 3, 5, 6, 7, 8, 4, 9, 10, 11, 14, 15, 12, 13, 18]
[1, 2, 3, 5, 6, 7, 8, 4, 9, 10, 11, 14, 15, 16, 13, 18]
[1, 2, 3, 5, 6, 7, 8, 4, 9, 10, 11, 14, 15, 16, 17, 18]
[1, 2, 3, 5, 6, 7, 8, 4, 9, 11, 12, 13, 16, 17, 18]
[1, 2, 3, 5, 6, 7, 8, 4, 9, 11, 12, 13, 18]
[1, 2, 3, 5, 6, 7, 8, 4, 9, 11, 12, 15, 16, 13, 18]
[1, 2, 3, 5, 6, 7, 8, 4, 9, 11, 12, 15, 16, 17, 18]
[1, 2, 3, 5, 6, 7, 8, 4, 9, 11, 14, 15, 12, 13, 16, 17, 18]
[1, 2, 3, 5, 6, 7, 8, 4, 9, 11, 14, 15, 12, 13, 18]
[1, 2, 3, 5, 6, 7, 8, 4, 9, 11, 14, 15, 16, 13, 18]
[1, 2, 3, 5, 6, 7, 8, 4, 9, 11, 14, 15, 16, 17, 18]
[1, 2, 3, 5, 6, 7, 8, 10, 9, 11, 12, 13, 16, 17, 18]
[1, 2, 3, 5, 6, 7, 8, 10, 9, 11, 12, 13, 18]
[1, 2, 3, 5, 6, 7, 8, 10, 9, 11, 12, 15, 16, 13, 18]
[1, 2, 3, 5, 6, 7, 8, 10, 9, 11, 12, 15, 16, 17, 18]
[1, 2, 3, 5, 6, 7, 8, 10, 9, 11, 14, 15, 12, 13, 16, 17, 18]
[1, 2, 3, 5, 6, 7, 8, 10, 9, 11, 14, 15, 12, 13, 18]
[1, 2, 3, 5, 6, 7, 8, 10, 9, 11, 14, 15, 16, 13, 18]
[1, 2, 3, 5, 6, 7, 8, 10, 9, 11, 14, 15, 16, 17, 18]
[1, 2, 3, 5, 6, 7, 8, 10, 11, 12, 13, 16, 17, 18]
[1, 2, 3, 5, 6, 7, 8, 10, 11, 12, 13, 18]
[1, 2, 3, 5, 6, 7, 8, 10, 11, 12, 15, 16, 13, 18]
[1, 2, 3, 5, 6, 7, 8, 10, 11, 12, 15, 16, 17, 18]
[1, 2, 3, 5, 6, 7, 8, 10, 11, 14, 15, 12, 13, 16, 17, 18]
[1, 2, 3, 5, 6, 7, 8, 10, 11, 14, 15, 12, 13, 18]
[1, 2, 3, 5, 6, 7, 8, 10, 11, 14, 15, 16, 13, 18]
[1, 2, 3, 5, 6, 7, 8, 10, 11, 14, 15, 16, 17, 18]
[1, 2, 3, 5, 6, 7, 8, 12, 11, 14, 15, 16, 13, 18]
[1, 2, 3, 5, 6, 7, 8, 12, 11, 14, 15, 16, 17, 18]
[1, 2, 3, 5, 6, 7, 8, 12, 13, 16, 17, 18]
[1, 2, 3, 5, 6, 7, 8, 12, 13, 18]
[1, 2, 3, 5, 6, 7, 8, 12, 15, 16, 13, 18]
[1, 2, 3, 5, 6, 7, 8, 12, 15, 16, 17, 18]
[1, 2, 3, 5, 6, 7, 8, 13, 12, 11, 14, 15, 16, 17, 18]
[1, 2, 3, 5, 6, 7, 8, 13, 12, 15, 16, 17, 18]
[1, 2, 3, 5, 6, 7, 8, 13, 16, 17, 18]
[1, 2, 3, 5, 6, 7, 8, 13, 18]
[1, 2, 3, 5, 6, 18]
[1, 2, 3, 5, 7, 6, 18]
[1, 2, 3, 5, 7, 8, 4, 9, 10, 11, 12, 13, 16, 17, 18]
[1, 2, 3, 5, 7, 8, 4, 9, 10, 11, 12, 13, 18]
[1, 2, 3, 5, 7, 8, 4, 9, 10, 11, 12, 15, 16, 13, 18]
[1, 2, 3, 5, 7, 8, 4, 9, 10, 11, 12, 15, 16, 17, 18]
[1, 2, 3, 5, 7, 8, 4, 9, 10, 11, 14, 15, 12, 13, 16, 17, 18]
[1, 2, 3, 5, 7, 8, 4, 9, 10, 11, 14, 15, 12, 13, 18]
[1, 2, 3, 5, 7, 8, 4, 9, 10, 11, 14, 15, 16, 13, 18]
[1, 2, 3, 5, 7, 8, 4, 9, 10, 11, 14, 15, 16, 17, 18]
[1, 2, 3, 5, 7, 8, 4, 9, 11, 12, 13, 16, 17, 18]
[1, 2, 3, 5, 7, 8, 4, 9, 11, 12, 13, 18]
[1, 2, 3, 5, 7, 8, 4, 9, 11, 12, 15, 16, 13, 18]
[1, 2, 3, 5, 7, 8, 4, 9, 11, 12, 15, 16, 17, 18]
[1, 2, 3, 5, 7, 8, 4, 9, 11, 14, 15, 12, 13, 16, 17, 18]
[1, 2, 3, 5, 7, 8, 4, 9, 11, 14, 15, 12, 13, 18]
[1, 2, 3, 5, 7, 8, 4, 9, 11, 14, 15, 16, 13, 18]
[1, 2, 3, 5, 7, 8, 4, 9, 11, 14, 15, 16, 17, 18]
[1, 2, 3, 5, 7, 8, 10, 9, 11, 12, 13, 16, 17, 18]
[1, 2, 3, 5, 7, 8, 10, 9, 11, 12, 13, 18]
[1, 2, 3, 5, 7, 8, 10, 9, 11, 12, 15, 16, 13, 18]
[1, 2, 3, 5, 7, 8, 10, 9, 11, 12, 15, 16, 17, 18]
[1, 2, 3, 5, 7, 8, 10, 9, 11, 14, 15, 12, 13, 16, 17, 18]
[1, 2, 3, 5, 7, 8, 10, 9, 11, 14, 15, 12, 13, 18]
[1, 2, 3, 5, 7, 8, 10, 9, 11, 14, 15, 16, 13, 18]
[1, 2, 3, 5, 7, 8, 10, 9, 11, 14, 15, 16, 17, 18]
[1, 2, 3, 5, 7, 8, 10, 11, 12, 13, 16, 17, 18]
[1, 2, 3, 5, 7, 8, 10, 11, 12, 13, 18]
[1, 2, 3, 5, 7, 8, 10, 11, 12, 15, 16, 13, 18]
[1, 2, 3, 5, 7, 8, 10, 11, 12, 15, 16, 17, 18]
[1, 2, 3, 5, 7, 8, 10, 11, 14, 15, 12, 13, 16, 17, 18]
[1, 2, 3, 5, 7, 8, 10, 11, 14, 15, 12, 13, 18]
[1, 2, 3, 5, 7, 8, 10, 11, 14, 15, 16, 13, 18]
[1, 2, 3, 5, 7, 8, 10, 11, 14, 15, 16, 17, 18]
[1, 2, 3, 5, 7, 8, 12, 11, 14, 15, 16, 13, 18]
[1, 2, 3, 5, 7, 8, 12, 11, 14, 15, 16, 17, 18]
[1, 2, 3, 5, 7, 8, 12, 13, 16, 17, 18]
[1, 2, 3, 5, 7, 8, 12, 13, 18]
[1, 2, 3, 5, 7, 8, 12, 15, 16, 13, 18]
[1, 2, 3, 5, 7, 8, 12, 15, 16, 17, 18]
[1, 2, 3, 5, 7, 8, 13, 12, 11, 14, 15, 16, 17, 18]
[1, 2, 3, 5, 7, 8, 13, 12, 15, 16, 17, 18]
[1, 2, 3, 5, 7, 8, 13, 16, 17, 18]
[1, 2, 3, 5, 7, 8, 13, 18]
[1, 2, 4, 8, 7, 5, 6, 18]
[1, 2, 4, 8, 7, 6, 18]
[1, 2, 4, 8, 10, 9, 11, 12, 13, 16, 17, 18]
[1, 2, 4, 8, 10, 9, 11, 12, 13, 18]
[1, 2, 4, 8, 10, 9, 11, 12, 15, 16, 13, 18]
[1, 2, 4, 8, 10, 9, 11, 12, 15, 16, 17, 18]
[1, 2, 4, 8, 10, 9, 11, 14, 15, 12, 13, 16, 17, 18]
[1, 2, 4, 8, 10, 9, 11, 14, 15, 12, 13, 18]
[1, 2, 4, 8, 10, 9, 11, 14, 15, 16, 13, 18]
[1, 2, 4, 8, 10, 9, 11, 14, 15, 16, 17, 18]
[1, 2, 4, 8, 10, 11, 12, 13, 16, 17, 18]
[1, 2, 4, 8, 10, 11, 12, 13, 18]
[1, 2, 4, 8, 10, 11, 12, 15, 16, 13, 18]
[1, 2, 4, 8, 10, 11, 12, 15, 16, 17, 18]
[1, 2, 4, 8, 10, 11, 14, 15, 12, 13, 16, 17, 18]
[1, 2, 4, 8, 10, 11, 14, 15, 12, 13, 18]
[1, 2, 4, 8, 10, 11, 14, 15, 16, 13, 18]
[1, 2, 4, 8, 10, 11, 14, 15, 16, 17, 18]
[1, 2, 4, 8, 12, 11, 14, 15, 16, 13, 18]
[1, 2, 4, 8, 12, 11, 14, 15, 16, 17, 18]
[1, 2, 4, 8, 12, 13, 16, 17, 18]
[1, 2, 4, 8, 12, 13, 18]
[1, 2, 4, 8, 12, 15, 16, 13, 18]
[1, 2, 4, 8, 12, 15, 16, 17, 18]
[1, 2, 4, 8, 13, 12, 11, 14, 15, 16, 17, 18]
[1, 2, 4, 8, 13, 12, 15, 16, 17, 18]
[1, 2, 4, 8, 13, 16, 17, 18]
[1, 2, 4, 8, 13, 18]
[1, 2, 4, 9, 10, 8, 7, 5, 6, 18]
[1, 2, 4, 9, 10, 8, 7, 6, 18]
[1, 2, 4, 9, 10, 8, 12, 11, 14, 15, 16, 13, 18]
[1, 2, 4, 9, 10, 8, 12, 11, 14, 15, 16, 17, 18]
[1, 2, 4, 9, 10, 8, 12, 13, 16, 17, 18]
[1, 2, 4, 9, 10, 8, 12, 13, 18]
[1, 2, 4, 9, 10, 8, 12, 15, 16, 13, 18]
[1, 2, 4, 9, 10, 8, 12, 15, 16, 17, 18]
[1, 2, 4, 9, 10, 8, 13, 12, 11, 14, 15, 16, 17, 18]
[1, 2, 4, 9, 10, 8, 13, 12, 15, 16, 17, 18]
[1, 2, 4, 9, 10, 8, 13, 16, 17, 18]
[1, 2, 4, 9, 10, 8, 13, 18]
[1, 2, 4, 9, 10, 11, 12, 8, 7, 5, 6, 18]
[1, 2, 4, 9, 10, 11, 12, 8, 7, 6, 18]
[1, 2, 4, 9, 10, 11, 12, 8, 13, 16, 17, 18]
[1, 2, 4, 9, 10, 11, 12, 8, 13, 18]
[1, 2, 4, 9, 10, 11, 12, 13, 8, 7, 5, 6, 18]
[1, 2, 4, 9, 10, 11, 12, 13, 8, 7, 6, 18]
[1, 2, 4, 9, 10, 11, 12, 13, 16, 17, 18]
[1, 2, 4, 9, 10, 11, 12, 13, 18]
[1, 2, 4, 9, 10, 11, 12, 15, 16, 13, 8, 7, 5, 6, 18]
[1, 2, 4, 9, 10, 11, 12, 15, 16, 13, 8, 7, 6, 18]
[1, 2, 4, 9, 10, 11, 12, 15, 16, 13, 18]
[1, 2, 4, 9, 10, 11, 12, 15, 16, 17, 18]
[1, 2, 4, 9, 10, 11, 14, 15, 12, 8, 7, 5, 6, 18]
[1, 2, 4, 9, 10, 11, 14, 15, 12, 8, 7, 6, 18]
[1, 2, 4, 9, 10, 11, 14, 15, 12, 8, 13, 16, 17, 18]
[1, 2, 4, 9, 10, 11, 14, 15, 12, 8, 13, 18]
[1, 2, 4, 9, 10, 11, 14, 15, 12, 13, 8, 7, 5, 6, 18]
[1, 2, 4, 9, 10, 11, 14, 15, 12, 13, 8, 7, 6, 18]
[1, 2, 4, 9, 10, 11, 14, 15, 12, 13, 16, 17, 18]
[1, 2, 4, 9, 10, 11, 14, 15, 12, 13, 18]
[1, 2, 4, 9, 10, 11, 14, 15, 16, 13, 8, 7, 5, 6, 18]
[1, 2, 4, 9, 10, 11, 14, 15, 16, 13, 8, 7, 6, 18]
[1, 2, 4, 9, 10, 11, 14, 15, 16, 13, 12, 8, 7, 5, 6, 18]
[1, 2, 4, 9, 10, 11, 14, 15, 16, 13, 12, 8, 7, 6, 18]
[1, 2, 4, 9, 10, 11, 14, 15, 16, 13, 18]
[1, 2, 4, 9, 10, 11, 14, 15, 16, 17, 18]
[1, 2, 4, 9, 11, 10, 8, 7, 5, 6, 18]
[1, 2, 4, 9, 11, 10, 8, 7, 6, 18]
[1, 2, 4, 9, 11, 10, 8, 12, 13, 16, 17, 18]
[1, 2, 4, 9, 11, 10, 8, 12, 13, 18]
[1, 2, 4, 9, 11, 10, 8, 12, 15, 16, 13, 18]
[1, 2, 4, 9, 11, 10, 8, 12, 15, 16, 17, 18]
[1, 2, 4, 9, 11, 10, 8, 13, 12, 15, 16, 17, 18]
[1, 2, 4, 9, 11, 10, 8, 13, 16, 17, 18]
[1, 2, 4, 9, 11, 10, 8, 13, 18]
[1, 2, 4, 9, 11, 12, 8, 7, 5, 6, 18]
[1, 2, 4, 9, 11, 12, 8, 7, 6, 18]
[1, 2, 4, 9, 11, 12, 8, 13, 16, 17, 18]
[1, 2, 4, 9, 11, 12, 8, 13, 18]
[1, 2, 4, 9, 11, 12, 13, 8, 7, 5, 6, 18]
[1, 2, 4, 9, 11, 12, 13, 8, 7, 6, 18]
[1, 2, 4, 9, 11, 12, 13, 16, 17, 18]
[1, 2, 4, 9, 11, 12, 13, 18]
[1, 2, 4, 9, 11, 12, 15, 16, 13, 8, 7, 5, 6, 18]
[1, 2, 4, 9, 11, 12, 15, 16, 13, 8, 7, 6, 18]
[1, 2, 4, 9, 11, 12, 15, 16, 13, 18]
[1, 2, 4, 9, 11, 12, 15, 16, 17, 18]
[1, 2, 4, 9, 11, 14, 15, 12, 8, 7, 5, 6, 18]
[1, 2, 4, 9, 11, 14, 15, 12, 8, 7, 6, 18]
[1, 2, 4, 9, 11, 14, 15, 12, 8, 13, 16, 17, 18]
[1, 2, 4, 9, 11, 14, 15, 12, 8, 13, 18]
[1, 2, 4, 9, 11, 14, 15, 12, 13, 8, 7, 5, 6, 18]
[1, 2, 4, 9, 11, 14, 15, 12, 13, 8, 7, 6, 18]
[1, 2, 4, 9, 11, 14, 15, 12, 13, 16, 17, 18]
[1, 2, 4, 9, 11, 14, 15, 12, 13, 18]
[1, 2, 4, 9, 11, 14, 15, 16, 13, 8, 7, 5, 6, 18]
[1, 2, 4, 9, 11, 14, 15, 16, 13, 8, 7, 6, 18]
[1, 2, 4, 9, 11, 14, 15, 16, 13, 12, 8, 7, 5, 6, 18]
[1, 2, 4, 9, 11, 14, 15, 16, 13, 12, 8, 7, 6, 18]
[1, 2, 4, 9, 11, 14, 15, 16, 13, 18]
[1, 2, 4, 9, 11, 14, 15, 16, 17, 18]

Total de caminos encontrados: 187